583    1. 09:04    8477   2. 22:35    9235
516    3. 14:08    9235   3. 16:04    9414
551    3. 17:53    9414   3. 22:48    9569
546    5. 08:20    9569   5. 14:22    9652
517    5. 15:04    9652   9. 19:34    11086
551    10. 12:49    11086   11. 21:20    11999
574    13. 10:12    11999   13. 20:17    12153
549    15. 14:46    12153   16. 21:29    12854
591    18. 08:43    12854   18. 18:54    13007
534    19. 07:53    13007   19. 22:43    13279
560    20. 08:35    13279   20. 11:27    13452
588    21. 16:58    13452   23. 20:28    14335
512    24. 16:58    14335   26. 22:21    15041
504    27. 13:47    15041
